141
39	105	67	84	35	85	65	

23
166	

3
93	62	91	116	77	76	

25
195	162	168	163	218	181	224	167	164	150	161	201	174	165	126	217	

133
119	214	220	114	212	82	177	143	83	

56
38	98	34	33	99	27	40	102	92	41	24	

105
184	188	120	145	154	189	187	113	153	

165
160	152	202	179	194	159	118	147	148	180	200	185	196	172	190	205	210	193	211	186	

156
89	53	23	

139
4	6	

119
124	95	21	12	13	112	9	

120
191	207	215	197	208	169	216	176	209	219	206	136	135	

142
106	110	44	58	47	130	69	42	48	70	45	46	64	

16
31	29	138	170	

164
18	19	73	78	14	55	66	123	132	75	104	111	109	43	

89
107	11	0	16	122	17	5	117	74	32	125	52	3	49	

167
51	88	56	90	108	97	94	81	103	100	15	

173
28	59	54	2	87	26	

157
222	155	171	158	151	223	182	199	127	183	173	

149
36	10	80	

